ROMYT:
  E_intercept: -4.74179560610312e-06
  E_slope: -5.296479742779255e-06
  N_intercept: 9.628592171589796e-06
  N_slope: 1.2706444702268116e-05
TROMY:
  E_intercept: -1.5483194113752715e-06
  E_slope: 1.3523359344322347e-05
  N_intercept: 3.619320066955122e-05
  N_slope: 3.909007952206612e-06
