BROMY:
  E_intercept: 5.148640954592554e-06
  E_slope: 2.0160657639672764e-05
  N_intercept: 3.797110419355e-06
  N_slope: 1.6786959249269065e-05
ROMYT:
  E_intercept: -6.210883870795188e-07
  E_slope: -4.66746663862165e-06
  N_intercept: -2.1650999461960714e-07
  N_slope: 1.0724801335790126e-05
TROMY:
  E_intercept: 1.3354357164149542e-06
  E_slope: 1.4865671741594365e-05
  N_intercept: -8.891385565860631e-08
  N_slope: 4.516135210125866e-06
