BROMY:
  E_intercept: -5.932563914297377e-07
  E_slope: -0.0001702032689641802
  N_intercept: -9.928712564304174e-07
  N_slope: -0.00014085579818734752
ROMYT:
  E_intercept: -3.398753402896673e-07
  E_slope: -6.002056654073985e-06
  N_intercept: -5.469227453276413e-07
  N_slope: 1.3637171164446e-05
TROMY:
  E_intercept: 5.921117677794294e-07
  E_slope: 1.4137832002201626e-05
  N_intercept: -3.6891454298812195e-07
  N_slope: 4.3178419010996744e-06
